22362	82003	-85828	-64733	41205
18913	76110	53682	46626	33135
-39094	-10927	24250	-72639	-41548
-33320	-44125	3697	87059	-91227
77247	-62110	-97695	-97140	-42695
76452	-5186	-19406	50460	-82173
-63993	1901	61660	-10585	-62693
-66484	-43409	63242	45772	50035
-41942	94435	12740	54667	69365
-3285	-22596	45109	-82378	-70196
21862	-93271	-11721	3508	36532
-97415	49204	28687	-8139	76812
22185	-58955	-2106	-96745	-13291
19679	-83314	53076	-44143	14868
55029	64143	-11996	-41294	87199
-98593	-18051	-73373	-77178	-66277
-34958	88566	53645	-41826	86932
89571	62663	69889	-58230	29486
-15319	73433	-58305	-8117	-83544
-74580	-67243	-69216	9295	62211
96956	42075	97371	-93984	27654
57251	11818	-7372	-98012	55532
41065	-84550	56068	-28483	72410
43851	82316	-23366	-68425	67235
53027	-60814	34683	-93844	-90810
-20086	6999	70894	-49282	9999
-44055	-50330	-39360	-64510	-68633
-30119	-7723	-82075	79951	18832
58792	-85748	-717	43246	-5645
71375	60273	-59119	16213	35065
43466	76878	-4703	-83277	-3295
4091	43895	-51077	92297	82608
46593	94522	91236	-28973	-90195
-26751	-57873	14657	46045	-95279
2122	48110	5489	98683	-86185
-96159	-33755	-21010	-98143	53089
-97847	-56857	54354	-39766	-7801
-88523	3234	-58059	-84877	65233
-5285	-13174	19222	41113	32291
42772	18658	-48833	34229	-98663
-28412	-29483	-57117	60678	93614
-17373	-34260	89338	8164	-7268
-29476	-36710	-19742	35721	-77567
-49942	-38388	79927	92288	-62923
-96996	22595	83024	-10447	-80463
-58527	30121	-16031	46440	58478
-34708	-69651	16684	93956	69386
-21779	36842	-27847	-49613	-69651
-81229	80692	-86636	80349	-19738
-32105	93280	18345	-51705	63600
38768	-45032	45974	-40680	-63249
-47424	75255	50795	47189	-86909
72506	-45513	-51984	-80970	-48365
82772	83211	93396	-17155	98379
3664	64311	-6523	-55766	66729
-77288	96970	-35615	-31843	96915
71676	-91330	-54046	95002	-84163
-82096	75686	2230	29530	37525
32899	78480	57597	74923	51046
85363	47008	-95434	-75841	22504
87138	-32807	-65712	-89720	69294
19022	41527	-41939	7586	19385
16786	4539	-819	-37462	-83509
-3503	90509	-34409	65411	-46290
-62110	-36733	53138	3149	-71491
25332	-86598	-45307	-17252	-3151
67152	46618	-29493	-18070	-72991
16843	-44756	-32749	88133	-14955
-53651	-73550	66061	86135	58571
65405	-36504	43631	74597	-59170
66622	74475	-23792	7223	8645
58620	74599	-28661	-20840	-36729
14841	-21902	-31852	-63608	-32579
25747	15034	-98133	61479	75939
-29015	79898	-96640	86015	88814
49834	67310	-86454	-48898	-83084
-20922	59713	56616	60329	6119
69709	-64643	-17827	30079	-43935
-12537	-44906	3855	70996	-70265
94034	-8953	81287	3938	-65243
17253	7953	-6857	21903	38568
-27537	-17095	87780	55853	69206
-93127	14302	37782	-73799	88022
42195	35053	89707	-39320	47498
29071	17821	-56019	-85211	28881
56685	-42985	-17856	-59904	-55477
44665	-78498	-63489	20404	-35404
63295	-14260	54623	-43894	19368
7820	-76547	-17022	48271	-10475
54968	-78859	24725	37408	-76272
41350	-33579	44433	-44995	-66187
-4924	-42686	-27005	-2089	-9830
41390	-73888	21936	-40255	71564
-32528	43778	-32184	26861	-83644
20156	16448	97435	-88494	-57083
-35538	98732	41452	70052	-31292
47047	-98471	86416	31480	-74566
-87724	-90177	-64269	75620	66104
44881	-83339	8154	-84203	-52772
99896	-15549	-30650	-61276	-71965
-52202	-85857	-78510	-77330	-88359
72519	-17059	11129	-90153	-26249
-24635	32618	63676	-14610	3216
90753	-42162	-18689	-48765	-22573
83705	85929	-10619	-24737	-79177
-25874	73772	42222	-86960	-54141
86181	51447	-97696	-67745	30523
90031	44755	79101	30031	-31508
-6223	45647	-95176	78946	55144
93732	-36905	84959	53833	33921
21650	-53081	15619	-86611	95840
-50894	-5575	77249	-37992	66730
96178	65182	33073	25626	82567
-90387	-53239	-67124	-66681	7398
35821	-79078	66971	35701	-24866
8061	-62191	-23996	17248	28410
-33274	-55328	10173	-89939	74085
55019	-31490	2681	64689	26610
-91029	-41291	92739	-91665	-54619
16274	-24877	83633	2301	91064
-14784	3763	-5110	87775	6095
69969	-59657	-35959	55730	50532
47646	-8377	4046	-10681	-60818
-55674	20995	69184	-59080	23359
63646	-47421	-36361	85686	65166
88151	-66059	-27287	28396	41453
85788	54642	47637	-13013	-62517
-22580	9375	-54587	-30264	82212
57656	13371	5225	-42760	66742
10956	-46824	-54104	42364	65293
1943	-20440	-25828	48999	3301
-66126	-55171	33422	50170	91894
-4105	87537	25611	-24946	72040
9209	-35618	61680	-97765	10243
35405	18628	6682	-28390	-97374
-77421	-73056	25309	82564	-63744
99183	-24828	-82737	-20737	-47392
91838	-10712	20189	-50186	75930
5577	-64619	-58800	72582	-6696
-79123	-89079	-89128	88013	47339
-60749	-97888	38141	85615	56166
-56420	15612	-73964	61074	-22606
270	80129	-16969	39003	-15531
31927	-96081	-92338	-28921	51117
49306	-54299	99058	96105	-82709
-72777	14974	29831	-89561	48138
-25258	73920	90701	-21525	-68924
-70092	-90766	-12296	14497	-38935
95603	-99186	-26518	-68829	-98143
96275	-41291	66564	-31938	-23172
56835	1749	-34577	49285	12555
-18065	73224	-80200	36772	46958
-76167	91532	-20392	-35181	-65273
-2699	-684	19625	33325	-221
-52508	7869	3358	68804	4324
-69533	16580	-90282	-90006	-94580
-39614	-97035	27957	78937	-95967
-77286	-4851	-50160	44280	-14783
65507	-26063	-67972	3591	63657
-96351	86146	-51630	79382	-42289
-54957	-29780	1008	2248	37396
-49450	67435	-18992	59515	-44685
-48857	-21891	-76573	5449	-54180
88376	-77176	82286	55035	-99627
-70504	-77109	63608	-58761	-21898
31051	-18024	-26807	-78974	-38327
-26946	-17209	73226	-37002	57989
72330	96326	-10400	26396	-63191
-23705	76046	-9551	23657	-49536
-15819	-94710	-1032	-34935	-94372
-59925	-29297	-79836	56978	-2948
-89194	-74759	-35994	9138	-21544
-67685	58964	-1144	92901	56401
-32602	37756	-92086	10662	51952
-98156	47300	33532	31065	-99996
94526	37551	17153	-64533	-74051
79988	-39303	-65124	-95005	-357
14333	73011	20769	-63635	-86334
-96331	-69082	24317	-25456	22944
-58987	-92090	74975	-33801	-67744
-64413	-95969	82111	-24462	-79928
-43768	12395	-4648	-75640	86831
74357	5520	28686	9957	-98548
76046	9156	-16374	54653	59986
-10404	60097	-11847	64234	-28619
51693	-97912	99047	-29655	-66011
-73874	51838	40187	-99892	-38403
85043	-80961	-8320	74125	72873
22814	81660	56944	-29868	-89
-15571	-80145	98977	82290	25142
-88325	9046	50396	-73927	-73188
57135	89982	68314	45588	-43906
-16474	-62158	-79421	-91859	78652
-9581	-6962	54151	95212	23525
-73566	-24293	93259	-71845	45659
511	-18134	21962	-60280	-15422
48600	-62330	70845	64745	82904
66837	68828	-83820	34943	55297
-7518	97294	-38292	-41635	14284
-22602	-71035	97482	79370	8688
76747	41728	-30671	-32641	-87928
89319	85186	-64528	41159	51463
-23153	-95545	13420	-96230	-40035
-73665	-2490	85368	-12029	12950
-96393	22705	-21772	74949	99289
-77031	-33970	-43043	64250	8909
35715	24097	92695	-45745	-77282
-10846	19243	50151	17883	68614
41213	-33871	-76764	3859	66517
42644	-57268	66828	-32796	-47133
-30206	15702	-82620	90634	-55904
14050	26066	-64834	-99080	-32933
-99844	49948	-1198	33051	-86227
-8382	95293	-74531	338	-43650
57266	85071	71181	-52849	-60368
56877	-30606	-43544	-91937	-87593
16839	-89384	-6417	62471	29977
24400	-25077	62932	24369	74131
69919	-16434	16328	-31513	-77449
35911	-1733	17991	-11720	20018
23732	65753	2767	53823	25791
-58447	14581	-33330	-41750	-59934
75595	-21248	-79245	61520	3233
-8588	-84004	-48986	-47194	4283
75121	618	-88320	6101	-21259
-678	69296	91250	-79939	-20275
-75000	48854	87834	-56544	79704
-12146	69701	-49803	-19553	-56449
-26753	-2932	5400	-67954	-39260
-26511	-63683	-65420	-74188	44220
65059	-68961	-80361	-75192	-60290
-21151	43469	-21199	-2245	-17583
-58447	82465	91191	86969	26460
56261	85340	94757	-54551	-94243
49288	97557	50859	-12041	97888
66166	-95762	15801	2199	-81424
-2023	25513	-2369	-76921	98592
75920	8713	43488	75111	-13206
-42035	-61529	80674	-31767	-4536
-16909	-69115	35970	96704	-28378
-24217	-19340	-91706	36307	4834
89758	94190	-33195	-6511	-49895
86932	80807	-29096	-16586	-4775
-68300	-63927	-92451	21846	-44683
26614	55256	32378	-75834	31494
-49601	-11816	-74963	13946	4731
-1322	-99958	-29688	-78249	-48718
29461	67158	75762	14278	91017
68647	-19055	-69990	-52866	38609
70443	-40095	-62395	-46214	-37755
60582	44823	-59697	-5351	36437
37112	-15845	1767	56687	830
-94621	4885	69802	14646	-7401
-39439	-28024	-8701	-98258	-91870
-44147	55669	-55626	-35747	-67333
-10935	94831	-40286	-76153	-59357
50073	18548	-76876	-46684	-90912
-10027	42723	40539	2395	78953
99742	11811	57563	-60980	-51430
-89065	12608	-42905	84965	-25169
11025	93111	15322	35367	-88262
-90446	-71052	54045	-34954	40251
4642	-37737	-89196	-7460	7272
51845	24680	27492	-66417	-43336
54552	-19523	36722	29098	16986
72888	45226	-5189	43346	-66447
65031	13253	-81205	70333	97745
6710	-87167	1865	48932	10184
-65334	87461	-33071	75241	-31782
-31998	-13909	-11981	-88641	64290
88058	-6740	44690	-58871	4427
75431	25520	-83340	-6374	77048
43112	99408	-50558	87613	19144
-78017	57670	19773	36189	78008
91027	-72679	33753	-28026	-64474
92717	-64505	90189	-67039	14611
32501	-28958	71022	-69933	-89326
-41392	-19795	-50274	-46574	44479
-56222	48718	-91801	-20960	-26066
71000	-60309	44990	37770	25740
-92589	-75537	46523	66866	-33029
-39728	86781	81778	-80522	-16205
58124	20023	73344	98984	18882
-38097	-55666	97297	-65580	-67288
13657	29609	-15677	-33264	40275
84298	-39405	-45233	56559	-10975
37741	-97540	61618	89419	84049
-38704	97035	1530	9763	-94621
-24090	33983	-87302	-92254	6233
41417	14717	-12705	-25157	44169
-1577	-7567	-87485	-19690	-1303
-62737	-77801	66301	-76457	-56757
-10259	98930	-1633	-28828	53456
62789	-40906	-44459	-34678	-47504
51297	56085	75532	24913	-27337
97673	56014	98929	-25746	-36769
-42237	75243	11029	31704	-79220
82971	-18615	75319	32267	96152
-9681	92280	-49034	-3298	-53657
-22006	-59028	17315	25658	-23682
-89567	3228	-87617	76747	52134
18035	43353	-6288	-89226	19656
-25332	-49493	8909	59607	-69914
-1165	49420	87604	-75205	68944
25437	22425	11381	43392	-39685
61647	70503	-74337	34250	-42001
4624	-59453	28751	-775	24910
63746	49581	-47856	-31726	-88841
75157	-35036	77780	-17258	-24467
-43799	-66839	-48161	62790	80240
2358	2486	28478	88625	-99677
6097	-17874	40845	85210	47207
46618	48927	32573	-91886	-15361
-40936	-26775	28950	-83265	-14907
60993	-73514	-26934	-83899	-52240
29993	18888	-53585	25298	9328
-5029	99163	-25043	67412	98137
-66429	-76398	83290	94087	-50943
-52215	-67939	23649	-92377	-63542
-59145	-94386	88678	38460	1289
-556	88639	-14970	-76966	-64857
96549	48509	-176	-95994	28851
16979	54274	19810	21100	64383
-45969	75610	-64987	-87578	-96655
-79829	-48188	-23067	-68984	-26077
-16023	-3064	-24446	-33424	70582
-76421	84852	77569	72452	-80803
-26413	-25315	19876	46064	27486
-79393	61239	50963	67411	51822
-28496	95574	-34540	-35321	-38387
-38525	61108	78572	95549	57932
69762	-91023	-83597	-6194	-81378
-61046	2872	-94017	-96575	-76141
-23744	93344	87582	-3942	-97547
53575	57478	1086	55446	93601
33973	-48499	61894	25770	45995
-56843	20705	26128	-50886	-46570
2878	-96417	88898	72222	20074
-11834	86737	78528	-82872	-39885
-83038	-39339	-41361	-32402	58281
-24630	35549	72682	47931	-75153
-3070	91866	53703	32226	44623
-30236	84137	3462	-4475	-56764
9476	-44342	81010	-82465	-12055
78035	61987	-91316	710	-80774
-41273	-83	-90740	-99685	-75945
59217	91841	49569	96737	-67995
-94589	-85581	-4120	-95127	42028
-11256	59212	-72444	-46580	49334
-55394	-24284	-17161	59138	50272
-82370	-44943	-40360	-96841	81049
-7160	77215	-14089	-73773	-25502
-83154	-17090	-98316	-90143	-10229
92729	83468	88363	-57202	-83075
1279	37663	1776	-59348	35039
-62351	89150	-7322	-67938	-19028
-76160	-62473	77818	15440	41929
-95889	-71469	-98278	69859	20411
86185	55412	64657	-60266	88290
-15178	-95098	-64539	6018	47626
-29611	-41501	-22560	-21113	37318
-46137	-6772	-8465	82800	-14265
-42940	-18404	11688	43566	69596
-56790	-19328	-17225	25852	98681
-46616	62379	-5327	-68900	-73559
13596	-29419	29467	-36198	25279
94305	-88692	70908	-20755	-84949
-87875	-67167	72841	-97380	-92883
-91814	5763	97352	-86093	25765
49568	75101	37186	-77331	-40691
-90329	-39380	5097	-4095	-33126
79430	-81346	46764	6293	-11260
62835	87682	-19924	-23930	-47691
30582	36657	-76678	-40904	-39095
-93076	30425	-16584	-9836	85670
57624	-46000	56631	69568	-13415
-23050	-2564	-22154	78862	-80247
-24910	68962	8213	22937	-2763
40188	45190	-87644	-8059	77151
-3879	-27937	65645	-14202	47263
-270	22076	-40275	99941	51096
30412	351	-7979	40493	19522
68728	-90217	-10513	-24315	-25600
56853	-46768	-96326	3941	-19834
-41162	84920	46030	61335	-27630
-60337	-87363	9812	93940	82023
-28812	-42897	91491	30392	53869
30738	1450	-46806	-70855	58624
98926	-4053	12050	49136	-13794
39887	26640	39572	63298	98571
57320	87935	-94182	-53008	-51073
14288	-86233	-89563	85625	-90559
52218	-79894	-24734	-97642	-32131
-18612	80347	93253	-11826	93850
73323	-33274	-78109	73012	-31366
2478	48303	-61121	-73687	27153
80872	20855	-6827	-46469	81864
-33915	2720	-85261	68693	34614
25203	2853	-75248	-32890	16037
-29419	17652	98406	-749	26253
-42482	73180	4110	39056	-26487
-58715	414	35849	-21786	-39377
91428	6673	80440	-28262	55334
-56138	-75072	-16953	-62635	90519
-85884	38843	53264	-14466	54651
87428	97	-28576	75486	-86044
-50295	64124	19161	-65083	20234
84464	-44670	72778	67400	28128
-85229	2676	-82284	90622	-62843
-48734	31551	-93917	-59047	-98359
-68342	-71694	64079	21769	-99001
93763	60564	88608	-45032	-78010
98492	-86858	64610	73975	-35359
-44119	14554	32977	7769	73725
49591	-78177	82404	57818	75951
-15339	60515	-34718	-86838	-94399
21255	35938	22988	82217	-69091
96367	6038	53669	94870	62843
-990	79200	3730	69928	29970
58564	-3215	-76838	16622	54576
68697	-50708	903	43485	-70295
-63474	-2215	7042	3299	20893
7410	-67669	-51798	-4158	87470
30818	73062	86110	-78518	-7324
-82000	77304	-85129	-12966	56915
84226	70360	57837	-22560	-27966
-17155	-59337	-30300	72558	6445
-11254	-24831	-85858	-80985	24664
46194	-37886	-69450	-48072	16283
96795	52604	-59266	-19000	-77537
-8049	97569	-19045	20728	-53650
-44180	4606	-37133	53700	81338
5527	-74142	63199	-97727	-98132
-84466	24766	-1335	39225	-45896
-45919	-20475	-65258	8776	26574
17139	11367	39572	28846	10738
-44949	79081	-75138	-80725	17703
-55830	7587	26372	6782	-55090
27773	5649	17233	85845	-60908
-53798	-43328	-66770	-6185	27429
-88049	-55380	22075	61240	80679
48842	79429	21587	42482	-66699
61594	-41416	29862	-90472	94504
-70613	-92935	49320	54593	-53925
61220	-95935	71865	49188	-93559
-70040	-85259	-78718	7643	-92284
22363	-58073	57854	67261	-86328
38954	-14565	-54481	-13887	97105
93862	-50705	2373	-29359	27642
-88313	4432	-67731	83456	-3013
-3161	64005	-87400	78826	95529
-58697	-14116	89082	-24828	93559
-15713	-87014	65141	-1118	79354
51639	17325	-56833	58925	-25820
-99812	-28341	-79583	-50820	10959
-44616	26400	-38693	-352	-57945
-89670	67218	-28446	96801	-70593
76	-32245	-76556	-17057	-22020
13738	83612	-92333	87580	39505
91334	70169	50145	11424	28178
-89748	-12413	-90871	52611	-36593
-56262	27078	-72073	-45794	31545
-11464	25509	-11275	-89531	49482
-81587	72763	-98961	-67774	-44865
-53473	-84258	-96972	2581	-28275
4215	-76171	-38858	61399	-7490
68701	35888	41470	-95473	-27039
-61297	-24396	13099	67745	7877
73533	-58607	65458	-82715	-46026
-58699	39161	40295	-48250	-37550
-22537	27180	-90413	52795	80602
-34169	-48306	87967	74473	82468
65332	26456	-21054	-50955	-73123
12322	53743	-62316	-89675	95157
11363	25371	-72558	-32177	-9080
63938	-57511	53366	29869	94934
-55082	-95821	50495	-11505	34867
43367	44895	-22621	-44914	18089
59174	-33613	59628	33232	-8187
37713	-10211	16228	-7143	704
17032	-37596	60070	76737	73191
26312	-7399	46130	79696	-20065
73533	-54154	6078	-78011	-46689
-17228	93422	65225	58707	-64117
71048	-75852	-54444	50621	-77987
-46990	45744	-65437	-69379	-76461
-2728	85989	-39879	80027	-19416
20427	12395	68671	-37406	16582
33584	67140	-8187	36546	65955
-31744	94790	57465	75038	48050
82900	21270	-34568	-61415	-48358
-83704	-63029	4916	-27117	97951
44437	40791	27500	11533	-36570
60477	-15501	-28798	-19617	7842
-46393	-53401	36570	44603	23200
-91958	-40189	-57331	-75871	94207
89641	-39327	73288	-20892	36702
-77353	13995	85603	-86690	-74390
-86934	-1007	-36316	86410	22724
-4686	-55206	34407	-48720	3107
57315	155	70101	3653	-80331
17457	-53171	21162	-87633	8906
10276	-31227	4151	-28795	35440
93685	78121	-12202	-309	-75219
-97467	59259	62880	-27491	-23647
-1036	86749	-25280	66124	73574
92198	20205	-26994	-75724	66349
54129	-47313	-43266	84106	-12678
50882	21868	-91181	-33119	80053
61348	33690	-59153	-48247	-46185
-73351	97912	-12416	-14817	-81173
44905	-72898	59374	29389	88255
60885	98842	-76219	55709	43219
-73044	60812	-98047	-39927	85831
43250	-34725	79312	-84656	-35917
66641	-89597	44808	61161	97780
24885	8541	-97993	-60307	-34132
-43899	-38526	5645	-24613	70908
-40800	-12816	-11766	-92366	80128
91086	-91199	-74723	24980	-63227
17471	-17068	60259	83942	-45857
80753	-83980	88629	37681	97807
74370	-70313	54234	82539	-7075
-89662	-52666	-13224	-17138	-59979
27869	-25938	-21490	12608	-81244
-745	13754	-55963	-92602	56917
-40157	44683	11509	58775	-71310
80813	27933	19763	-71108	-60079
51390	48350	68925	93682	22199
-52919	50122	-57171	93547	73709
85337	54515	54842	59014	-25838
-43496	97173	94843	-17758	95359
25295	38756	-98184	-49724	-79371
53804	-27265	16524	-76409	-98175
-10569	96486	-57576	78722	60269
32978	-83417	-75727	72653	-41151
-20116	58897	23407	-26096	-39944
8684	11880	55075	-20921	-88227
40963	32211	-23252	-58667	36398
-98757	-61665	-50877	82447	-58085
64262	18161	17909	-47338	59593
46191	-72473	19724	-97178	12748
-12225	1290	60177	-14594	36072
52548	-42620	-75023	41259	85498
-17786	32627	-93660	-10009	-92262
-32217	-35553	11246	-50627	90979
25668	5793	-43724	24754	71056
-84227	65329	93064	-17519	-97854
1070	3371	-28444	-82490	15772
37687	44347	29328	-56556	-48694
-35828	74286	96606	28294	-28804
-18778	-8953	-20553	62992	-81911
16990	-19869	-99313	2890	-25951
39455	5179	-75147	28617	-97248
31967	-69054	-1109	74440	28809
-91087	90387	-55868	-96941	44089
67464	-97524	-75120	70517	32330
74723	76280	21338	-39888	12075
-81432	93318	-81408	-58970	32687
-28771	-15559	47897	-98035	34477
-84082	23750	85153	24548	89910
-27921	79378	15125	-24065	-34252
35408	-56493	-29967	62456	-17969
-31823	-98237	-63341	28095	-96589
-91485	45725	-67387	-5843	75799
-66006	-25296	-56939	-84126	-89285
-48057	65098	-26555	23725	-79395
7018	92076	41878	-99910	22606
-70169	95159	96355	78801	-58187
13609	18883	39077	-99299	68918
48306	27772	17594	-23471	-91361
-12613	49357	69000	-66519	-40420
5590	17144	78878	50791	61745
-11404	91044	24972	-57630	-35140
38035	80811	-34335	-10348	-17290
-92879	-96478	44396	-33778	27811
-76697	-77674	35775	7709	54727
42088	-39792	-34452	-37443	-47822
57382	960	-33051	11097	-94422
39548	81781	-82388	82198	85251
22295	-150	19804	36233	20762
-74079	53486	-32586	-62591	-23888
-55847	16386	74995	-92422	-39016
-93127	38343	13815	4164	-45844
-67573	44173	28241	-12627	-37210
79419	5879	-87621	-28749	-77816
-27864	36816	20349	99278	42617
15328	14377	83434	-72636	72226
46561	-21270	-99254	78852	-7059
-449	5161	38555	88921	-48244
-90099	69614	67306	-6175	-74799
-51985	98655	-32422	-55008	-77590
-43082	-65115	87229	27480	12117
22533	99697	33126	5974	-57769
-99341	45578	66830	6611	-11462
14618	-1565	-29472	46655	37410
-60311	89431	-94147	71140	86078
-50282	-21908	-77129	24428	-64090
32714	-68986	4943	19559	-95357
2167	25968	14776	-34635	6298
-77051	66427	3985	22761	-66683
-63005	67074	-73645	-36638	-67248
-24092	-81452	33072	-73064	32203
11570	2029	22921	-54032	-88691
-36571	-57310	15893	99764	27753
25203	40392	-37311	-38779	44188
-27632	-10924	-35937	48985	76808
-68386	-38917	-6977	-97608	-5105
-57877	-1037	48350	-87736	47278
-18005	-28305	-66232	-93876	21355
51400	39651	63504	-11411	-34831
-74553	44060	-84111	14965	-79002
27571	62779	-7479	-37184	81410
-8759	92018	-98448	54966	-15764
47754	95782	30302	-67703	21239
81528	97768	53165	-35218	31755
87679	83474	-36986	14179	-62477
94120	97493	-56963	-33964	87025
-36939	-92284	70364	-64301	36852
-64014	-25581	-50287	84174	-32199
40755	24379	23916	-52008	28908
75784	-30625	39190	-1299	-38174
-27144	96749	-26597	73134	50189
31829	-28718	-16243	66323	79073
59412	85783	-38294	-79806	99761
83628	40287	-60258	-3228	25163
33301	-91152	74443	-68661	17520
-26609	-51800	-50039	-18491	-23089
-85992	-84493	-46348	-45858	55694
-61840	-94221	-71844	-66024	-48687
79916	-469	-80592	24025	-11266
-15320	-13252	-96123	-26191	-67598
81338	-94685	61195	83736	-65379
-55400	89155	-57153	74326	24743
-7643	-58351	61336	-98043	-33547
-51213	-83894	-75526	59275	84491
-91031	-51530	-56989	23461	-60492
26139	-5306	-18810	60346	50046
6112	-74856	34923	47574	42127
85864	-23960	23966	-38919	-10311
52201	57740	59177	-58624	4557
18621	-63560	-17463	-39658	95189
-6742	84486	-88790	-15404	-30226
-55739	37003	-50983	-17023	93165
94676	96605	-98941	-81808	-15611
90533	17605	-15323	-14360	-40089
77167	82859	74214	-97248	-78945
-38930	72473	-18424	83381	-47929
95675	99982	13031	64977	-23181
-47155	41174	23949	-56052	-136
-84435	-92081	-54220	75630	-18037
-38493	69677	-34194	-10087	68657
-50920	-61810	-966	87082	-67253
948	-65740	7636	-6442	67422
-21098	44695	20311	29973	-11752
20616	-55566	44506	45893	-27505
-58233	-26090	85362	23845	34605
47205	-11739	82002	38280	93986
11657	-83818	-86190	73486	12822
62192	-34159	90764	66986	76793
-96494	-52121	-33316	17118	-71910
-47984	71320	-88734	60074	17600
-51365	99720	79742	92711	59511
-2278	35057	-14922	-98790	83451
72286	32327	16339	53102	-13659
1314	17230	33222	81815	32605
7618	-91858	30667	19793	-50798
85823	13936	-11894	-33333	54676
70810	39750	-25373	-25020	-16664
11967	-97956	-97191	61594	-16356
-44027	-43951	76991	-80404	13999
-4657	-14781	87064	-74805	90192
94487	54600	51556	24411	24692
-87444	4402	43096	-21525	-26850
-23520	-43212	19890	69790	84244
37967	-34856	-21270	-32573	-75613
-88943	76339	-45146	-41792	22198
59837	-97602	95735	56	66829
72951	53639	-70945	56761	-8859
43562	30290	86348	-89830	-13612
-10067	-42708	56083	-9631	-86125
11290	-68216	-33658	-86654	50087
86953	72663	41229	-48508	-51779
-33091	-67209	-22679	94803	-5613
35638	14307	49633	-95537	64726
21390	97038	-44445	12983	74652
-7138	-37960	-78335	57068	47329
-31246	90370	-72481	92386	-35062
30494	39563	-55812	-40725	64562
8715	-35930	69795	-5500	72414
-60367	28011	-77213	47849	94775
87545	-71131	-52460	24544	-88110
15511	85321	93441	70975	-62983
-23049	-42537	27334	-97031	57358
78886	-30132	20338	-87296	-77682
69793	8974	30608	-48401	-32571
61710	17746	-42293	-60834	-56622
-38639	-1265	27273	-87321	98794
-34837	72877	54729	72292	37027
69697	20503	58320	98020	-81842
-76936	13282	-80224	-67679	-42510
21141	89974	55447	-40733	21888
-44138	-91233	-39741	-44107	66703
-83708	-76460	-2713	93078	77142
93534	-31801	98941	48676	36206
89322	-471	-76883	-55686	-72216
-49083	-29353	-78593	-15475	-93987
-13296	-99000	-43843	-6677	74089
39913	77666	16630	-99216	13205
-58460	-15468	43463	3441	56208
26053	-51878	-95855	-87033	14729
35085	-50149	74750	-66417	28130
80693	-51330	11949	-95631	-57757
-29260	76549	25388	26702	-72651
-77857	-56403	-40939	68259	-92289
-83280	-35530	51063	44411	-15733
-67260	-75669	-28467	-41759	61332
-27418	-90669	-66096	50779	-88115
75390	33915	91694	15554	86847
-91984	93479	46352	18966	-23089
-81021	33189	-89795	-62170	59011
32534	-2921	-77123	15018	26503
-88961	88826	19622	70531	-75827
30144	73808	-62316	-743	58941
42885	-81711	-49694	-78308	54041
63512	-64254	-84151	-8281	18066
-56340	42025	83925	-79604	56143
-65128	-48886	-86978	-30209	-18483
58278	10992	-37931	36430	-59303
53055	-42986	-69143	-44410	-42651
18371	22305	91362	31953	-66665
29830	-38811	-42034	-13934	2753
5250	36103	-39396	-16965	-1945
20397	-40631	81359	80706	62086
27872	61290	47307	28754	38178
-1878	-12446	-36478	44633	-72175
17736	-18379	65633	-36541	-15518
-86987	-41115	49376	84502	46965
-21821	47672	60127	19576	99415
19526	-8297	67226	13773	74647
39749	51105	-75695	47616	-31704
-63984	79660	-15851	-90675	85339
-31516	4495	6135	-72693	68919
-87629	-2066	-46405	-76286	60771
-34684	38641	-24988	-70882	-19909
99966	57400	-33755	60951	-17279
-64762	84059	-70878	-41083	-83447
73901	-84203	70251	-39538	-15004
-32814	77246	-81057	-37355	17108
92809	18513	71733	-17273	-59010
-72677	26519	-441	55839	66470
89865	15662	-14608	80515	-37355
-62379	14807	-17741	98541	78360
10879	-88388	-65535	88627	-49800
74171	99717	74265	88684	-88692
29246	-8694	-32522	99200	-79765
-71836	17239	84694	78249	-60909
16347	-57316	49796	28738	31546
-56537	-68208	15252	98805	-18062
66276	61912	62890	-70447	55667
38134	57450	-9424	91538	2265
67554	-22608	64350	33334	71029
-98459	69057	-6819	-48355	91392
-28423	-60294	51765	-69344	40136
-24964	-44007	52513	33186	-72400
-41422	-19445	-67031	69617	27742
-92155	-94769	63320	27114	-57108
79708	26255	-28185	-30779	80712
72394	89867	14560	-95558	-16645
12299	33219	-8111	97693	68667
24482	35539	-93284	-60719	-31942
31383	-68586	-52222	13243	66837
63411	41104	-41161	96122	1272
-3873	25696	30285	-64908	8780
-93542	-45767	-82830	-40980	-51712
-85199	-45474	29366	66650	-98270
4365	77173	-31356	32578	71244
-24608	75224	-73873	59696	-34455
20133	49926	-79391	-86594	-63333
32833	66862	77123	90204	-78462
17569	65599	-91385	-91402	69621
70852	-94648	-27989	98570	47444
-53610	38888	91373	-80303	-74448
-84028	31155	-29026	-72739	75828
-20212	90164	27284	-27195	-98375
84726	-54163	36321	11399	90969
-36511	91429	-12872	53815	-82251
-8319	50354	5263	10739	22135
45693	-92990	-47200	-18550	1641
21665	16553	-31786	-12575	-88648
-37057	-65706	44646	11286	92615
98462	19059	38616	21947	-41623
25530	-83740	90787	-20783	-20359
-6587	72206	-3987	-97856	18137
-71248	2462	-39415	42515	-65260
23850	-23924	-41197	1150	-89669
-2512	-23871	89198	-7685	-8747
-27306	57921	13710	96605	41968
5613	89849	-46788	63494	6264
-25816	87456	-7947	69806	49786
82442	1904	79798	-69012	15317
51444	82840	11816	86046	41593
-69346	-60798	75119	-53691	-86433
-17253	35973	15719	-68038	-30416
-10930	-79162	-51456	-44376	87068
-86793	76731	33716	83279	-31652
20427	-84636	-95287	-91493	-80984
69206	72783	-90897	51789	-68704
-61402	-56058	60036	-27685	-21373
-73503	93078	-20855	-69895	69495
30563	-33286	73470	30771	-35566
-97715	23284	-62259	-25267	-64660
5889	94489	-9828	86702	-26208
10181	-45356	-27651	76441	10803
-52920	39228	-28631	69973	-29014
-94049	40154	-23537	12291	-52361
98397	-47880	-85043	-73333	-53380
73297	-13072	-161	-66403	-56276
-53649	93491	21763	-4982	-5404
64318	-13423	23800	-3669	-33331
27792	5258	-2706	-25620	-12563
14993	96439	41771	88500	-56668
88304	63495	-63820	-21759	62387
-54480	53462	-98167	9637	66485
-12691	-7544	-83078	41647	32633
-63338	-27628	3346	88852	-26537
94716	77342	19618	15032	-30062
-50655	71691	36994	1727	52522
44026	-39153	47203	-20407	-42229
-22415	91655	36672	91387	-40383
50262	-26617	-89859	4534	-5894
41762	38715	-53006	-98364	96859
1897	-13129	-27411	-53195	-84679
56784	-81510	1250	36120	94503
-55398	2102	-14730	88765	4750
-28525	34391	21108	77920	65440
-71115	28316	-32423	-68168	-96320
55317	-62428	99351	-44772	87149
-31544	-46689	3392	-19276	-71500
-59891	-13911	86218	-22360	-63630
15817	-96833	-57872	-8953	94756
-3334	-85595	-30767	81447	-94495
-85532	-41761	-76487	97480	-81771
-96474	7284	10001	-44748	-94606
17067	85754	27302	-43403	73286
2824	-61344	-93518	-32219	62884
34038	-65398	4053	96075	-19728
-54574	1353	-79480	85755	59444
84954	11495	-48381	-40528	10446
20578	43314	10380	209	-70534
-53505	-17407	-11700	89217	-78129
-17955	3469	86239	84524	66541
-7846	94694	45067	-91619	-21313
5564	40053	87399	-14522	-29529
43554	98090	-26915	-83522	-67631
49337	25856	54438	-97210	23001
-34623	62492	53611	-74677	36752
-92143	50385	92840	82973	92193
-3216	2536	-14565	-2186	9686
-49427	87043	-27360	52630	-69135
-45494	-13187	-10746	80375	-5426
93947	66210	-19398	55341	28235
46571	-17284	-72263	-64992	-65710
-5222	17849	96473	-69307	-45098
44714	-91583	55942	-43664	10929
-75319	50395	-71201	-13630	78898
-38494	-16630	69184	84847	-18638
6073	-54923	-44129	57989	-52861
87029	-48639	-67146	77646	86207
-83867	49771	32808	23539	5833
-69203	-93694	-92346	-43790	-59063
21744	-10125	15757	57392	11334
-57914	70296	-38473	87084	-69923
-11511	70599	28826	-57652	52468
96402	-25902	63483	-57612	28394
25331	-3588	97747	-24972	-36202
-20859	97599	54431	-31988	-99061
46277	34059	-2189	60450	27920
-59536	-71594	78399	-56855	-95771
4217	-32159	-79329	12213	-49293
46866	-4809	-12462	53733	-62657
38562	21250	16553	-97707	19491
-68853	53427	-70369	-2363	-66775
-15470	28449	75193	-21932	95928
26187	36306	44362	-39576	-2551
83774	95594	93797	59767	69835
42681	54481	-25874	-50130	-43946
70534	-89310	-26358	-42935	-37033
-40472	12780	-95644	-44239	-89486
95903	-43448	-99006	15788	55803
60597	-25460	88949	43645	-10954
-68727	72529	97931	66368	81903
56696	99499	-92669	-76934	-39431
-60861	10461	47314	4717	-9495
56623	1500	82681	-18638	85596
79061	22118	-78610	-66567	-4852
-44394	2607	-12733	77473	-4398
-2050	18337	24259	-52873	-26328
-78211	60764	42767	-40220	-21571
-29886	-19110	97181	-76382	38521
-33049	-71129	94189	91276	30200
-92049	-3566	59427	72830	93401
74946	9054	87630	2223	67066
23796	-15850	10060	68984	65514
-82922	55751	-65251	74619	10276
51883	64335	-49741	51719	-19138
95305	2072	-2260	-52742	25828
97025	20920	-41580	75493	75360
90746	94054	-97541	-88229	85404
-32388	-37951	54553	5889	-89889
-11874	-3999	-71747	16627	-29259
-67847	8672	21572	-22491	-85775
33662	86657	-48392	-19851	63323
77031	-90853	-97908	-88822	63765
75159	-95889	2647	-10047	-95258
-22860	73428	88209	-57096	96710
35024	69892	41405	44452	45757
-73074	-22302	26482	46677	-93959
54665	-93871	-69524	-22644	-69482
87340	-41582	-52231	-68516	571
55607	68251	81015	-56435	-13186
-2506	-27646	34467	34391	-88513
26768	-62172	43099	-19165	-91497
59867	-10728	-71613	-11822	28493
22625	32098	93207	223	-7844
83959	-86445	-49383	49632	-53506
-9102	-50311	30747	30524	-57142
70804	-66702	-38922	-6802	86179
55652	-47212	21339	-49978	-37853
17277	-26267	-3884	54649	-5598
68106	92687	1942	-25233	67941
-71286	15974	-5161	-15259	96984
73208	87177	46433	69326	30039
19227	-37910	16081	-63932	-18385
-2991	83660	-1155	-3226	4738
69508	94546	-70675	80616	-16603
1764	-73233	25806	-29303	3823
-96940	66434	53112	-72531	80261
3543	-94117	-94443	16211	71388
28040	-20020	52366	96922	-48120
-62078	45650	-72963	19661	58502
28439	-28583	14081	-74141	60036
59587	-12916	50931	3347	56222
68427	66268	67077	-52784	50633
-3085	-92290	-83708	15335	45369
-51981	49090	-20959	23248	82927
-30351	58570	-71100	-61563	18225
-55280	9331	41948	77330	-48451
55051	73614	-27521	-44829	-26152
86724	-69463	-85043	85636	-34217
-36576	746	-7761	-73357	-69815
82712	25249	75348	41524	-7726
91461	62461	-78298	35451	87036
22079	-93559	-64697	70219	-55372
21270	72939	19061	-11375	-36698
-53658	92261	-71899	-68564	51851
37222	-18184	-3924	1838	37414
60892	-51106	-42444	-90800	-48411
86050	-90280	-66845	70644	75895
-48242	45934	97062	83477	58105
92199	33547	-69970	93859	64019
-73417	-19812	6694	58768	-67764
-54270	-28522	-73278	54155	67649
-98560	46943	81733	63055	52578
65729	-66623	-89758	45300	22681
80266	59188	75504	636	-41929
-19649	-67730	-92517	45386	-85476
-11689	-43222	67769	28238	27502
4993	-48434	-51107	-38877	63454
-56179	31205	-94375	63851	42794
-30336	19413	44476	37135	33590
-37074	63832	-53199	7041	81803
75181	4996	-98990	30733	-59895
80737	53233	91367	93458	34051
-85684	91241	-76800	55452	-99565
-9820	87616	66739	17914	-37896
-62725	-46717	36044	25052	-58138
-65190	92531	96678	54909	8755
-8385	93909	15235	85718	-56727
98103	77134	-57709	16909	-13362
27364	-5259	79534	98683	-62007
16913	60406	-74589	-76964	-11485
-83712	49375	-77310	-76829	-87221
-29130	-52870	-72454	5696	80359
-88509	14309	-61246	-71652	-15902
96276	-84869	-8447	-89552	47955
-58022	-76783	-23552	-15183	-83369
74109	13775	-39161	57628	97028
85388	-10153	63716	54302	40664
67745	36337	51877	46739	76175
38778	-21308	98692	63449	91292
29470	19078	-67233	82116	-40422
85800	17493	-51402	-93804	-71642
43333	-14620	-67159	-27153	-11046
-89621	14702	48702	72320	96722
86520	-74560	-62123	-12829	2771
-33499	28527	-40962	-85977	40917
-11875	49464	-45771	78405	-86212
-45598	-66892	59737	43829	75167
44035	-69791	-3089	36425	82915
67706	40684	45472	2495	-11975
-50689	23712	77635	-31774	-56745
54505	68961	-58839	90459	77795
91921	98613	83908	20332	-61424
-18236	39632	5863	16475	76369
-20742	66358	42026	80418	-45699
-82128	28412	-34004	-12046	-57673
-76518	-46510	70797	-27666	46583
-81470	-79404	-61082	-54597	-96781
-25987	-21961	73503	50153	36922
-71396	-70271	-52087	28055	-42192
82180	-94611	-51004	-60964	94767
-80738	41783	7238	-37843	-1193
-1131	-92291	-65572	19726	16948
72922	-65989	75212	-19755	5725
-23533	-83037	-65204	-17510	-50435
-32887	18282	-97295	55517	-51968
-49022	-64423	17579	62647	-1138
47558	31611	-76958	71006	-70342
-65301	96380	77143	41703	2126
91477	58301	9187	21681	76595
-21161	-55903	-2328	58701	18457
66651	-37389	-84315	-11710	-85536
80202	83360	5630	71351	68855
-78759	5974	-56373	91450	-56183
-75888	36812	21976	-71937	-61069
-78031	-11535	43638	75475	94827
-8684	64800	-13070	84358	18128
-23911	17061	73410	72084	-47760
9467	24678	15943	-16966	-54718
-98539	70238	-18609	28398	-14376
-2792	14986	-65781	25710	52340
22717	47045	-20270	29713	-13199
-83437	30680	52888	74501	30443
32563	-36004	-33834	79294	-91558
-12306	73341	25407	33801	-52857
-59034	84297	28665	70584	-99048
70241	98407	20070	27120	-16574
99505	-73932	56980	-21006	-8952
-36948	-69380	412	8185	-42496
73202	-73008	11654	-27726	32997
-2948	-30045	-76755	17395	54241
-33695	-241	9598	62926	36788
97075	61952	-93113	-92276	80794
84002	-29449	8019	-24828	39783
-72480	-49098	73107	91853	-64493
-39874	14478	-93188	-90474	54818
-68093	-50666	-32625	84764	-18753
23292	86534	-16832	48810	-62215
80224	-23630	-68819	-52689	-14885
82198	-2496	37316	56551	50396
-92007	-95426	-60061	38292	-45240
24450	63716	67791	-61443	30684
21987	59738	81076	26621	-98937
72979	51510	68246	-87520	21368
-47264	-89859	-27414	61632	2872
-22386	74082	-71530	-29736	-67402
61472	-82200	27579	98297	69162
26378	-40800	-84345	7112	6689
63307	76372	3565	7706	-31954
63873	83934	-22632	-93294	27712
-99274	-21198	-62623	-42580	73692
60877	-59913	-70063	-22589	66046
-14167	1496	62051	97870	-2362
17471	-59859	59842	35237	65352
11411	89222	1721	-90841	-99665
-58832	-43474	-47527	79349	-13862
-64285	96957	93352	69796	14621
90386	-69383	-91752	48717	-13678
-54578	79301	-24224	76637	-88895
7056	1151	25983	-98413	-74213
93407	4981	-49683	39258	32175
-75953	3493	-13650	8319	-71863
-31538	-62149	-97929	15595	2664
-95442	-16641	-15886	-24171	-51516
24119	-59634	36671	-57465	28057
-37710	-64316	-68854	-27516	-86149
95559	90333	21450	91172	85039
-52394	39745	96785	87491	-51544
12097	-9963	-50918	-8267	-29987
80250	39714	-1289	81178	10980
-91187	92829	15430	99269	-66673
-76830	-66426	-18155	-99424	73258
48925	-50759	95456	74719	70188
23877	-67315	-6151	-81988	-42659
78218	-30993	73096	-72051	-77880
-46870	72796	-91314	53932	-95843
-57895	-87749	-29392	44779	13966
44815	89345	-80881	19820	-49277
99786	-21539	-56300	-95344	78806
-46086	-44634	36446	79954	-42758
24536	-38985	98770	-50903	46318
11304	99397	83798	-36903	41475
47320	-89865	64026	-97373	-52302
29908	-97551	-86941	-44622	12682
-44051	-80826	-6797	-20927	91087
-80813	90639	-11087	12283	-52385
-89918	10544	69376	-71961	-94300
72067	64270	18929	-87713	16552
16694	42556	49152	52617	-30306
-81934	-34624	-32777	-81086	-62422
-15616	11201	64689	81390	11383
-25075	-67843	59053	-63090	82167
-53691	75476	-82842	88540	23240
90040	22825	85460	-13513	-63094
-41515	89508	-42635	-7189	-32604
-15384	-85066	-4021	-45270	-70947
35538	64785	-19089	61034	-51963
17443	-56105	-61079	-8688	-65552
56854	32537	2740	86707	54870
-61172	-99205	-9380	30229	-52213
-51097	1109	38791	-44140	-36693
69586	-93853	35526	15318	-96506
3995	-50195	-67541	-69283	46839
-99918	80427	-371	15785	64117
48202	82033	-64158	-31430	-91233
-37276	88947	59003	-98443	-24591
-93668	77682	74764	64337	-15691
43579	43091	69556	90877	18220
-83721	14633	40499	66224	-12783
60154	-79438	60698	-41607	25708
-48379	-92203	-38201	-64323	7590
-95795	-87745	64911	-87786	66867
-20085	47205	-25266	62959	-17202
87641	-77647	70521	-95197	-61778
33289	-17693	-92764	58587	-71694
-83210	8596	-85255	33255	73052
-78972	18133	-86312	56525	7943
-17636	74860	-18150	61701	-38238
89690	87420	-17800	23937	28811
-42725	29517	-40188	-4148	-87167
17283	28713	87094	-84751	-29602
-5531	1459	15674	35974	-43984
54063	-75390	-5861	-89055	10594
-83788	26808	-72329	-85399	-67026
-9966	-95069	-66886	32104	-93979
82467	-98436	1547	-60369	30534
79114	63859	67119	48162	-44753
-94121	75717	28770	14961	99873
-74367	46141	-29135	65265	-89562
26333	-38140	90552	7004	94633
76296	-95669	-78239	-58138	-42024
-42818	-40583	86119	98439	72295
-41704	75934	49197	90393	-69965
78726	-21216	36637	-24691	-66951
-69208	-53189	72880	-18111	7872
-84037	-78866	-48345	-64468	30095
52204	67257	-14656	-16683	14223
59478	55856	-54315	42698	-22778
29265	-94196	88969	-64580	13988
-23713	75708	27745	3701	-97206
73035	-89696	41902	-55701	39066
-39541	32838	-79250	-16882	-48409
56929	-89961	-91440	92105	-11084
-34284	62838	-79341	-10386	-65704
79591	-76600	-91887	53464	74600
7439	69212	86593	7102	-443
82732	-16686	529	-62746	9210
19331	45453	-13048	59585	-85377
42932	-88593	62071	-80104	40811
-73427	94609	-57172	64851	69483
-42391	-4028	16598	-35161	-762
-35271	42323	12755	-87525	56735
-5191	-93600	28979	15495	2258
-79755	80352	94428	22384	34778
-32793	59721	-1063	-47314	42530
52865	54195	-38839	22176	-90985
-53143	56932	62532	-44486	-83285
33188	99126	-48382	-48971	-46335
78234	-87505	-69600	-40958	-17920
-50616	59976	-66810	84016	-82612
-72541	43013	-71004	-40057	58064
67763	-14827	-93594	-81769	-37585
24566	-33157	97363	-94684	20896
-32414	-81114	-62808	63192	93234
57199	44994	72444	34036	82648
-24121	-80391	26706	-44054	-94547
54483	24657	58951	6566	-75032
35945	-8679	45480	-44970	-7971
-14281	15531	-26942	-81227	-40593
35750	14896	-71930	-96323	44162
97587	-73083	54811	-54577	-99752
58100	-91598	65372	-42744	-25200
-73804	-67455	-48832	-96324	-90670
-32451	-7484	70038	-57547	1589
-3365	91863	96635	40865	-10110
-67017	-58263	-22306	48149	13849
77508	-74419	-78909	-65242	19146
-70069	-26520	-10725	32398	-95775
41064	62360	-61414	35389	-74305
73052	-58692	-45578	51249	99399
-28401	93254	11342	-36961	-60210
1824	-85255	-64458	-71983	75307
-23451	-42064	-32394	-45512	34251
-29026	-3837	45792	58877	88463
-88689	-7709	25543	-47076	58556
-30881	-87414	96062	5136	76415
-83088	38123	-54940	-91783	85252
36171	-62972	-66988	74415	-46230
80107	-39725	6340	94535	82935
-15304	-7169	-67391	61836	-66879
64203	29128	19032	-77557	2826
-70145	32646	-36678	17317	69207
4950	93282	13632	-29901	88140
53842	94266	-22293	52468	-13081
73125	95623	95934	35968	-83859
35944	-29964	-18687	80007	93813
-23797	81798	38647	69046	86231
19282	-49644	15786	25431	11081
-19978	92720	-9473	16160	-89061
30686	-80708	-77884	-92857	37776
-18027	-24814	-32964	-62178	63359
93980	74365	-53455	57806	52742
-85897	-10952	84746	-17873	20498
-27759	-17278	40332	69514	72990
-99413	-57267	-89738	33276	-86667
67194	-99877	-98647	84226	30132
69689	99537	59400	-54231	-71417
-45230	-35889	32209	-77806	-55600
-88142	-85784	-62784	84350	37648
-78020	83983	-10237	-17782	-85740
45911	76145	-19495	-37496	-53467
-80110	62561	-49117	-330	51666
97676	-23754	29788	26509	-54038
-45167	29447	98222	28367	-87357
-61394	-32663	17415	-70579	-9388
51957	97235	11268	-70786	75331
-2756	43563	-91281	48305	-50563
17021	-36843	1224	-23284	84371
-96054	16701	90632	92337	-52350
-32927	92011	76878	-84915	-38460
-71271	55949	20070	56723	88932
38300	-81003	-79996	-82304	-21061
37306	-87219	-27282	93074	17094
-61790	76112	-74043	-5539	-67436
75051	-5170	39127	49589	-544
53170	68126	-43790	-122	19289
-9715	-90660	-14385	-99353	95028
96648	-61924	62439	97372	-84905
92496	-52169	-37867	-26781	-77338
-27012	-90509	760	93127	59694
-7650	-7565	-65622	66398	-34110
-56768	-66397	-86189	58432	-69758
22303	-20892	-17164	11655	23064
20727	-82686	22208	51312	56872
-48593	-69514	88161	74544	46568
93790	-53687	-80776	-34162	67053
-62474	-22184	7312	28357	-28515
-29796	-11273	-34814	-78381	-36165
84568	-35562	-63597	-76182	-37906
-85456	-97113	59343	51236	82375
-99050	-7622	-71180	-80336	91485
15693	-47400	-93930	82061	63864
-59248	62483	6162	-95995	35277
37343	-27998	34234	30823	44491
47822	91861	6485	75278	11487
-97194	39047	-97112	18777	68979
46807	-79867	-5073	-62360	89341
-15756	26413	-7973	-99488	-56430
74172	-56	83099	68600	-37677
-28573	-25458	-51618	-87666	-97535
81042	57229	-19624	-4422	-40621
58141	78594	-5895	-52635	13938
28212	97318	-90537	75690	50000
-12778	95705	-69916	-10821	58176
-84945	44619	7922	80256	-53659
255	-26577	55949	17232	-66403
42911	-34446	18998	-19230	-4680
-21030	11490	21326	-54377	-46601
77338	-19938	-67487	-25818	-94217
-45303	-89277	6956	-53195	-36641
29137	12176	61636	29467	-36870
-73786	-64116	-25844	-39129	72849
-79399	74850	6355	-33058	-99569
-56078	63161	-5168	-44511	-34659
-58942	96747	8169	3696	-6292
-58825	97879	29110	54867	-55114
-73782	45904	-26562	39885	19881
18664	60466	-36221	-70888	88506
-80648	87887	-65217	-3808	-64656
-45155	19327	-83115	-65308	-49306
86332	-99831	15682	47167	17326
-37682	9686	73850	904	-87908
4289	-40442	-9515	29233	-66640
72527	-16630	-89507	-16521	58269
-50003	37662	-48116	68058	-35975
10330	-52460	17649	89068	79898
-36924	87873	-83815	86699	84473
43447	-98275	-33328	-24903	-61054
21842	-51317	-37696	21114	79544
99536	3056	-36934	-56133	79082
-60201	72031	-58732	-74826	32661
89631	-74657	-31154	-14574	-91334
62864	45718	-2073	978	-80972
839	89644	21786	14426	-20940
33843	63056	17344	88679	9673
42572	-43047	-49020	74845	23340
25644	-38385	-72644	51006	-89941
-90458	42608	44964	-61487	-21736
47680	54650	22623	80514	96031
19169	-39430	55984	-31608	43210
2375	10889	-49474	77322	6234
-70463	-2830	35285	-32253	-5112
70885	-63893	92422	87433	-37003
-85600	-29509	65792	28951	-58618
18272	47443	-177	24992	78837
99766	-7224	63858	-8211	32301
90442	-59269	43434	-58887	68131
22913	-73696	-73973	-45365	-95770
21750	-19655	-11920	95627	-63021
-58232	73094	54345	77805	-26754
82601	-21924	-19962	-82925	-95031
-77551	-95813	-66701	57128	75049
-43026	-38051	45205	-97523	11528
-32705	-22694	20678	-78599	-80377
47629	42704	29244	48903	-1622
-74681	2748	-9747	69850	-95725
-46675	-52105	-3286	-44868	8154
-50588	49320	-89801	71592	66672
-74756	2662	15484	-40749	45147
51636	-60762	94590	3041	-86728
30573	26017	-94622	18563	83701
97096	62373	24702	10703	1486
-79394	43554	98027	52248	42390
-49554	43252	-64370	-63203	35636
90542	69022	-92615	-39323	9612
-80295	-78150	-31608	-20908	65041
-17724	-62560	-65534	-44596	93736
-55583	81745	56559	-78966	-66385
-65275	-78332	30355	7794	-89692
-60072	31268	-9150	86699	62034
25698	96271	-50541	-53209	-20161
95528	67868	37951	97819	55171
55632	94673	-74723	-4740	-72772
46151	-25234	29083	59585	-60073
-31055	22614	-54200	-63203	71608
54007	-95475	87853	28251	-28594
-2013	84892	16367	-82413	-86832
-90149	92252	79591	12629	-61536
67255	-7572	14899	52079	66689
8837	69247	99710	-10627	93049
54484	-25273	-24626	-48306	-23783
-61199	79604	-48823	-42100	-84487
-82331	20920	67	98706	48758
25692	1880	76037	97620	-62842
-42862	54666	-64599	5498	49351
-13302	-79962	20036	-26781	-30599
-63608	-7339	41345	66364	23625
-60966	27669	62064	-98711	50099
83995	-32506	30912	25682	-88299
43072	55654	26061	54677	73008
1047	-72249	-34062	-1761	-24695
-95629	20950	-75832	-97902	-38363
-59701	89773	25012	28669	94218
54685	92829	-54196	77500	-79525
-9557	8051	-1140	59898	-98647
-56637	-68014	4737	9560	-61942
99541	-39834	-91394	84649	47429
-7701	86257	-55928	88261	-60625
36640	-74528	-6815	-81399	-12688
18386	-22086	-79711	-9856	-63864
-87068	14319	27173	37848	-89622
-66628	-1319	74969	-22312	28533
-64901	-4430	-73167	2489	-33047
-14265	-85554	93285	-77198	-7301
-1883	79693	6012	20032	81814
-34220	-12373	-83848	24532	68965
-37998	26798	93499	-52169	-80493
36544	4733	82801	3215	-97526
10886	28406	20090	-30753	20315
22258	-22802	-74388	-68422	-29045
-99497	-66795	43730	-12107	90879
-7185	68346	-68395	36903	-60952
85027	-12123	-249	1729	-7778
83975	-64604	-80441	32934	80094
58230	17473	-14013	-76296	-59921
60062	75003	-76411	70207	92003
-32619	24989	8046	4114	-49435
18487	35325	3069	14833	37791
7832	86374	26060	-12413	-82628
6379	93269	13886	41377	78631
86531	-81788	-20503	80823	-79448
40917	-59229	16767	-80294	-43702
-42202	99013	73400	2201	97685
48530	46052	-53069	59781	60807
26937	68039	12584	-23063	-83642
4735	-18261	43736	-39906	-90398
-77208	-64927	38932	-26011	16351
-27179	81058	-70162	-41298	40363
-48179	83320	-95568	-77406	-96793
14378	88238	-96717	68214	90348
-26033	-78233	-16110	-43761	36285
-85144	16708	86863	59594	59987
13277	28605	39809	72901	19784
-5405	-14530	35138	42954	26965
-16617	-41673	99080	73369	12193
86113	-69855	23008	-40179	44761
57985	89511	-47155	30082	-98775
48904	91657	14246	48223	-56113
81658	64179	85935	-24674	-94471
-73566	-5787	-35413	30649	-80094
-14416	-43002	41395	-9857	51435
-54436	73192	69806	71087	-4723
39560	84088	-78798	-74776	-30110
75645	17288	-83694	-9163	11102
8488	-40702	-33627	21794	-96838
31207	27222	11786	93494	34828
-75772	74290	-67696	76253	-71230
4042	46883	-85196	-93293	-38008
71697	78875	-74640	88952	-48801
-10434	-1843	42911	-18789	-57369
-79919	75883	62263	44003	-9055
-15159	79590	73715	-22486	-79529
-40561	-12166	-79886	52487	74673
57811	79254	-8330	-44879	-48197
70013	39045	-11407	20693	74852
31146	-53243	-34329	54830	55849
-66171	74415	1609	-37117	-33492
17654	-50748	93041	-24234	57279
34480	62604	-88265	-63714	39384
92990	47234	22869	-4697	-35653
-13144	71874	-98031	-97213	-50372
77066	91529	-17022	59627	-79335
37613	93009	-3324	-35824	-80691
53414	-24008	76784	13471	35603
26875	-5042	-480	-80043	-83182
-25943	-71477	76107	-56510	-64648
89422	-39080	-26219	-94045	90122
-63779	73584	72322	-46946	77790
-59439	64740	97647	47008	-87399
87448	-16040	-51560	-30904	19137
15491	-2675	51083	-32686	32784
-8146	6992	-99809	-26957	17281
-9385	36703	26008	-54164	83663
-99488	11445	35726	-70287	-31158
31719	28910	91346	98853	-48201
-68864	35589	-82797	64392	13009
-41347	9752	93794	81396	-57020
67741	91949	-4387	90995	86212
-52745	-11996	-88666	-18990	-5187
-37431	95815	32553	-973	-87888
78117	-11691	-39534	9335	83878
42714	-12018	44090	57209	-73177
14198	20227	-4837	-68249	79457
-27670	62032	36723	23105	78518
38153	-16913	42124	69424	-54292
-19135	95039	-43973	-78724	-27529
56378	27073	71833	-38597	-82104
-61846	-58810	51732	63057	80513
-22197	12658	-57024	-38699	-62942
108	84946	83661	-20943	-55259
75664	82403	-91450	90549	-43328
-61347	24141	43853	-8234	53812
-32556	-74903	18123	44122	86788
5481	-75175	52189	20268	25992
-69008	-69997	-88930	-12618	24540
-444	80039	-30763	-73252	91255
-4661	23511	-25507	-47266	-33874
25472	-48154	49639	26185	-99291
11053	12965	-77891	79817	-89347
-21798	60188	29385	-29115	-89858
-45740	-33092	7099	-28351	50957
99592	-73381	50438	-62476	58639
-81123	56095	2361	-99230	3704
-75552	-69545	53264	-68815	99512
-16914	-98620	-10332	27786	-84250
32098	19427	-49387	95597	-76695
18843	35900	4645	-74952	-98636
-13166	26509	99143	13582	1401
46829	-81572	95343	99160	-35983
67969	45817	-93463	58154	59094
-77130	23704	30800	-63417	-66720
-88505	-7565	2041	44525	-51242
-61219	-49986	-66879	35679	-55781
82238	48694	57464	99077	-85133
40266	49621	65318	-71500	50577
-67403	-91913	90214	69777	25286
62726	-38779	-75820	69113	-28
-73388	-36407	1386	40060	-89043
-66571	-7549	-5322	-20974	-57234
73331	-29139	-41807	-41646	-78945
38755	-14904	-15339	74145	-41183
47547	24010	18612	54584	-55342
-86869	-74369	97150	-11992	5312
-40177	-48627	-58302	28536	4643
-57736	51139	98871	-12478	92749
63226	-66618	-87366	32201	29734
-33200	10473	78657	63289	29012
-26001	28707	-66522	86108	31717
9571	-671	-73312	-3631	41203
-7127	43192	-61372	-62767	14139
88735	31663	-53165	98012	23901
5321	-76842	75448	-29755	76259
-72078	22904	56106	20114	6879
-44490	-82071	-44699	-36628	-54909
31132	84862	52354	58275	-17411
-17763	61639	-18201	-28916	68850
-38871	81589	19798	70350	12315
-40486	2889	5900	-18898	-27011
71118	-36227	43503	-58469	37469
-7872	-7838	-11175	13416	48030
86810	-75744	-2073	5718	-48404
-90057	93590	-99087	-87413	96483
-73132	34301	-58898	35175	-44692
-58707	-41533	77921	-38027	57168
63778	74376	-57257	-81741	-51502
-60951	79854	88469	-10229	58178
11420	-43182	82877	-75573	-20387
-42137	67233	-57471	-59340	-61792
-35497	36425	-40699	79359	37061
-92690	31022	-9176	33271	32429
-97652	7662	-77247	-48194	-79966
-29284	-91208	15821	-62474	95950
39333	43239	9862	24202	29596
-5898	7841	-74709	-10683	-24111
-79860	63303	-40030	54316	74959
2163	-81156	-75886	89953	45557
-81063	56834	-64611	52595	43795
-66003	-64626	-9631	-83409	-33029
11178	-71915	-8892	71857	29956
75041	52538	66723	39764	23515
94920	11089	71463	-9050	-2668
-13701	-73156	-24286	8543	58797
-78105	20960	26102	-71257	-18539
46724	-10751	-9700	-47836	-96646
84070	89145	23552	10979	67268
-98444	75002	10714	62614	-83353
-18915	69226	-94645	-9289	48635
-61705	54590	-62849	-21965	-27743
14055	-51131	61552	-11131	-47292
96248	44412	-3719	54188	-30215
-72288	80079	70522	-7720	34916
-88949	-57969	-68232	-48843	54997
35257	96331	70996	51700	-11224
-84376	37251	55029	-10455	38
-24253	60304	59755	-33467	29375
-69272	-54353	-79976	-2238	-71922
31995	-96469	-97463	64068	-39814
37525	-70385	-4197	-827	14210
75701	27466	-23010	1964	-57890
-95868	-26815	89359	-77840	37348
64255	75208	-10625	54078	-36432
-88340	-76950	11200	-85175	-60043
-37181	-39445	86225	-85524	-65259
54405	27397	68827	-14921	-700
62624	-62161	-76528	-75876	-25844
66284	-96518	-18944	-39684	29750
-82903	64395	63372	-66722	72402
20411	23282	85474	56775	59587
59519	-9229	48282	18974	36252
-69222	20751	41220	-34063	46945
-63542	-19347	15792	-16011	46140
87493	-14634	61604	48168	69131
-20092	73606	-74331	-43692	29323
67866	90751	46963	86370	26775
-61029	46928	49360	13498	98779
-23057	29210	-42111	737	71653
-27820	-62064	-76578	30626	-59493
49706	31402	69042	12749	27048
-87056	9585	44179	-12065	-27305
-52556	40496	62943	-35173	-34021
-81327	-11023	39444	59200	-58168
-14627	33636	-44560	62337	-42054
-50262	-43908	63273	-59878	96468
45698	-71077	-22054	8673	99275
-15634	47285	-3616	98853	72916
91788	59284	-22691	11188	93788
-27137	69610	29189	75287	-70069
-56315	-72583	-49232	-2424	-37992
-10986	-17855	-33327	-73509	-7161
73807	-92778	-6376	-23880	16434
91275	-9969	52798	40072	87306
84693	55756	-9524	56143	50563
-13677	73600	11081	-10573	-8233
-44126	-24519	-90764	-26799	-17734
41214	25462	-8479	-70097	67908
61636	16903	5812	-97437	-63135
34868	-87007	-7601	17852	82326
65820	-11706	-98018	-53249	14957
73289	-35201	-44639	79938	-69457
53573	36756	31528	14762	19986
70432	42192	-32202	-48837	54604
10040	26484	-44041	13894	95755
28997	-99000	99354	29438	8632
40774	600	-63925	-94443	-22524
-12018	43622	11603	95842	35762
66884	69566	61377	-70196	33063
18878	49137	47348	-22760	-70824
12294	33452	62888	-55127	-64003
-57019	59806	2190	16502	-76002
39117	33966	-89386	-22289	36988
-29600	-8595	19345	5959	-35041
-88044	7936	84884	67617	-60773
80556	94663	56462	38041	-88887
-96316	72766	65424	53063	-97383
-86152	-61860	-49252	-22446	-14744
-38781	-88181	37929	79653	76789
-12726	-49834	-65100	-50224	95204
50914	-54146	9303	6342	27322
87920	-79067	-54662	-19467	58137
64048	50149	-67614	-12830	26171
-32672	-23488	-67403	92700	-40049
6075	37763	-27864	-61017	78984
-32520	-93451	-18780	72916	-71164
8562	-12435	-92966	38610	73494
-38430	-64900	6994	-23600	43262
72871	95764	-85269	-29401	43977
1163	77472	78785	26747	68182
-81657	-88137	-41357	17220	94945
83581	-50255	-96854	15177	84163
66123	-11987	-27459	90667	79238
-88022	-5472	-47257	-42154	58672
-60048	-71507	-6275	38045	98897
4823	60111	-28614	-52749	-38331
-383	-5270	38218	15188	44381
62381	-75647	81303	-93842	62508
-43719	66742	69782	-6278	82557
-21621	-57289	37980	-92649	-91601
67264	-85700	43309	-31034	-37979
-82856	41096	-54411	-9283	-61268
-39977	-98331	-23767	26423	-52961
-63741	16087	-34466	-67812	-76225
-53887	89517	-979	19692	93472
-48479	14366	29199	85499	1503
93421	14364	-41508	44958	33873
25002	8883	-93416	-4131	-71634
-55449	63802	-38025	3762	-61338
-78792	90503	-49889	95275	11651
-13329	-70743	-92406	92763	36320
97093	85534	-95088	62643	-63279
-84205	23094	66475	-62769	5947
952	-13302	-35575	62201	69429
-35864	-34147	52571	10617	60509
-65820	-72407	-53887	648	-44889
-15415	-38677	-50210	-92246	-69780
94060	47222	99185	-6877	26767
98021	88455	-28416	-65638	-66176
-53309	-15510	18649	-1300	-21746
-49163	1423	13195	-1910	6735
-34008	84668	-79697	49348	52460
-55699	-85234	98479	28605	-38877
9949	6021	-68996	-26673	-48629
-43934	-36633	-85942	-28880	78657
-34482	80381	-23525	88371	27227
52147	-9516	-90046	-73004	51393
20730	48618	-87057	11784	71365
-62042	-81658	87849	-85972	-37112
-16239	10248	-41973	43983	-40553
-35058	62825	44921	21679	84772
-36671	-52681	-68161	-56549	74746
-5605	-82642	-68960	94730	-2957
92584	-4901	-50321	-32981	78881
95536	59325	-67974	-3785	83632
60166	-36712	57499	98452	-34990
-21450	-50840	-29363	56713	-71665
23474	54868	-77461	-85515	-75479
-60639	87916	99912	31492	-9371
-76690	-32978	-11433	32242	59002
-97787	-65723	-84680	5827	45105
38803	66758	-79196	-63514	-43180
-13655	-34796	-86619	-76656	40285
-49484	75610	48677	25472	-56031
-66466	-9701	-60374	73159	-6996
689	-2490	91903	33943	-36046
92435	-77778	-56314	30993	39665
-65122	29659	66333	-45383	-58679
41541	38767	52139	97851	48388
-87453	57308	99604	-89798	-83350
-43133	97541	60040	-96521	-11668
91661	-64209	20462	-32857	-69190
-46589	-35763	28583	13675	37633
-67265	-69225	-26884	-10269	46232
-45272	-5120	-35581	24034	10418
-83145	-28596	55082	89540	22705
24355	82809	11719	21607	-93957
71672	-6301	16864	-67203	83164
-5628	15229	-52982	45417	-60654
79095	-95918	25525	15891	55710
44383	10299	-83165	-61010	50568
45993	43816	53128	-41279	-94460
-36647	273	68009	-88883	40399
90830	-35536	-17597	96717	-13774
63592	66655	63543	3926	-12964
-23519	-13409	-19512	96124	45333
-44189	-57792	73131	-16124	88312
-50936	-57726	79455	-65234	-43724
-36151	-46516	-1918	48189	90313
-4700	-31048	37601	-16537	-1321
21569	-91009	29720	11691	-67889
52134	81488	-54464	-45543	52618
84262	-28198	-76357	-97012	66694
76381	-2585	98931	-39395	28336
97349	60565	-5750	-23426	-47311
24390	-9734	-85988	21572	-80187
11573	17801	76061	-97395	58860
-63609	21988	-86137	-60940	94375
-98145	-60180	-97472	5105	-70864
30559	-91282	25024	-11602	-96050
-37766	-15503	-97357	96086	-9799
96765	33690	73401	-92519	48656
14127	74032	-67159	-47002	85920
51758	66122	4096	-60623	-21305
95613	-52387	7408	23655	6918
-92838	-11745	40490	-69869	-62752
30569	10854	-57396	-25553	89591
45339	95098	34282	-41212	-26789
-90912	33277	70453	-77420	73104
37494	-8379	15107	-91961	35304
10784	-14156	84143	10319	99107
-4733	-12624	85214	-64466	65067
-5111	-68983	-22772	94979	10293
-37529	23876	96304	-75254	36712
21858	12061	92594	28216	45185
-24092	-38030	78941	1085	19139
-66388	65478	-21879	75372	-80719
-88937	95398	-85362	26326	38573
-26958	-28663	-81125	84003	69654
-21608	-28505	-46117	-84836	3443
-31950	27142	-1448	-72368	16259
-82669	98576	11724	-92843	-17746
85204	-22547	-66913	-93196	-65749
57200	37353	-45026	-91139	52431
21850	70352	-43442	98161	88775
92579	-23367	-43755	-71869	-63478
-9242	27968	46517	-68465	12203
84764	26744	-11138	92736	70082
-92949	51512	-16593	-50269	83852
77615	63478	-61592	-50652	-5799
-69992	81753	-51486	-76443	-10464
-20441	-61462	49364	-80245	-45061
2140	-94181	53367	-80567	-12305
14092	-15252	-58166	59809	-65936
94316	-45535	99920	19417	39581
41012	9870	-98428	21526	-18319
17504	51987	-34896	-6587	-50643
14008	21527	-87669	7248	-23014
-48982	99948	21837	-30574	-3255
43472	32604	25353	-33758	-12717
86339	-97592	-53348	97337	-84205
24172	66609	-62985	83947	-92209
-992	-35652	85564	2331	-61735
80076	45876	-13816	62616	17892
81716	24573	-52443	62486	86653
-55111	-92497	51377	-17183	99575
-19425	-77291	-11087	-78593	-30166
-93090	13451	-7266	-13182	-64746
-98546	-95291	71511	15482	99145
-14803	-44060	60979	32797	-2012
-40398	15438	72594	-69662	-7724
-39759	-8219	86779	-96366	31508
1980	85393	71819	-66679	-87030
-53196	-61355	70287	51627	-49840
16663	35723	12951	97074	81299
22042	-53607	-63808	44569	66073
50972	-48189	36886	-14019	-78208
-83341	62974	-79263	-34390	96802
-90337	-63662	-32708	-45679	64509
-5110	-23357	-57434	-66290	-40990
5558	-22978	-60627	-2786	88218
-22127	-83217	-30640	-4164	-36577
-9119	-55444	57757	72759	88941
-70272	-88280	290	-62044	-8814
-42984	-15115	-62177	77202	33865
-35267	-8	29360	41957	-79832
-84829	60601	36082	2969	-86823
75198	-90190	93977	-91307	-13866
-60482	94562	-56075	69431	23967
94659	-32766	36492	67125	17933
61534	-41164	-91621	-99908	19168
9451	-44303	99693	90399	61449
89493	-55794	75293	68467	-18762
79792	97830	-62996	-51008	79057
-93890	-94009	-51490	60269	580
93139	33003	59138	43320	92230
-52843	57399	31758	79455	88064
69333	-67937	48728	93052	35657
21715	48453	46651	-73814	36465
54631	66616	40733	-80729	-37211
-56596	-60993	289	-79304	-44163
-67790	59363	-33694	91644	45229
66989	47299	13301	-28860	24507
71384	-27574	55171	48043	-90448
-53816	-55777	-59115	85964	-74337
51979	-84967	77691	-25020	-89043
-72189	53898	-87575	-95056	5060
-32994	-62815	99066	66541	94352
48559	53021	22649	-60354	-33047
77045	29202	-4311	83402	47302
1442	36638	-36086	92862	-68443
1760	-81842	58283	67676	-36321
-52137	-77397	11027	89423	-34525
73081	44662	-31153	80720	89752
86221	-25431	29738	-2688	-91919
-47136	57751	-37719	47449	-18306
-61344	-26849	41164	-90238	38726
-47652	-60517	-51532	31388	4692
53105	64728	-70070	-58055	94190
-40919	-66925	55813	-57730	-90515
31905	15387	85375	-41233	-49459
41134	-28159	-5224	-28595	7436
-37490	33510	-69598	-3616	14185
-38494	76146	38065	-92273	52925
-59750	7684	96692	-54331	32018
-49480	-72630	20076	6199	79948
-45003	95393	-92110	-8243	-73751
85200	-22059	93534	-65018	94416
58633	-58380	-89017	50329	-55081
58455	-76883	38965	-20568	-57180
87666	83501	-92393	33541	-72929
-1875	72025	-91235	55669	-42762
5705	47393	57409	75104	-47521
-26347	86711	43743	27892	6297
83589	-40618	31808	-20886	-51614
38421	-29933	-85667	-33960	-89210
16321	45987	48516	71075	-59035
-31502	38511	71332	-86445	-9590
-27600	-20411	4510	98421	78875
79723	18154	83503	43729	12538
-40939	87813	-47538	3536	47589
-61229	88391	62211	-17526	-17226
-22387	-58956	-59001	-92489	26593
-13017	70303	-9921	-92487	81156
70783	-69674	-88138	-96334	-15880
-51266	-90861	78287	81956	-20202
69942	24472	33658	-50311	49239
95509	17637	-20281	-85980	-47464
-85528	-16477	-63350	-44414	55181
33874	97747	97465	-89275	13950
-26114	-87981	-12377	81403	75408
-46569	-84140	76065	-97071	-93786
-37004	-56611	64952	18622	75744
-50578	35623	88114	486	91444
60693	78571	57556	27585	91409
-44491	6292	9967	54372	14888
-10912	82593	66566	-74095	99454
48928	924	-20069	94976	3378
23307	-99356	-87807	-33541	79581
-18457	-5685	-52842	73631	-79200
-58317	-5910	-58935	-31652	34910
63505	68725	74802	85525	50778
-55392	18801	-31947	-75019	42666
-66562	-50886	-43278	-57919	64927
82865	-37574	5728	-3607	15735
-8341	34087	98648	99774	-36245
-90272	-29321	71632	6797	-51751
-43257	11612	-81941	-41352	-57035
-15242	-26334	-20730	33012	59979
-45265	-4015	-97650	-57087	39186
-79016	-93193	38772	-20408	-26409
37458	59477	63631	65557	87343
-87102	73206	-22163	96978	72411
-96741	19446	-35094	18226	7558
94931	58395	-50665	-3873	-29443
91658	-6613	67582	17255	-12008
35206	71741	-97759	65886	-45673
-78854	-22733	86211	27268	17677
-84227	11354	68555	21544	-51020
-93498	-74343	2129	61028	-30080
-28734	-36954	49335	-52525	-69751
89765	3063	-38667	51158	-33675
-72851	-88830	47150	29096	22547
45200	66734	21553	-60702	-50345
-48896	43509	44751	42821	-74182
-93242	-36295	-85213	-81139	-95475
87371	-42803	26423	-23291	18706
-6209	-40470	96116	-5166	45411
-92948	-45807	58152	38806	-6932
26624	78692	-43379	43551	628
66782	-61726	87556	60395	-56851
41844	98492	-69366	93523	-62181
-53115	-91102	-54990	-59421	75025
26562	94021	-59882	-51374	55261
-92405	10938	-36736	22369	-8151
94951	-61917	38727	46455	28917
-32131	21689	-8437	6981	52801
-49487	-82443	37220	66685	58298
-13516	13254	-36314	-59924	39349
-77700	28506	16299	60776	44127
65501	6003	-97516	98649	62180
39351	34995	67524	73798	54756
-58038	95604	-13031	10597	-87167
6456	-28577	12765	-86526	55853
-64689	80010	86028	94463	-42951
61664	9457	62089	-70073	64404
55777	78095	-86909	9613	2040
46518	-86872	17356	44849	-187
-92077	-37258	-95735	28825	66528
-56918	15900	64323	24315	50996
-82858	68637	-69378	54074	-73764
-50613	45592	-47546	79008	-43081
27200	68874	64432	98495	-17434
62261	85629	-53031	14497	-83136
11344	42268	71846	-22495	-6887
-21285	-6789	-6671	-97110	-28978
59961	10854	-41646	55902	-25382
60034	58239	-23452	66098	-19072
-63259	97285	-37881	-11681	-38412
28560	-95709	54232	32316	57341
59123	1181	-76810	76044	-56192
85545	-62400	-96849	551	-60036
73335	90737	-792	-7499	78427
-15971	90687	-93599	9999	74679
37249	93357	-7435	-38201	71553
-87348	35748	92220	-90767	702
-22513	-69564	32853	-31707	67713
69361	77940	-10330	32731	-2429
-86397	37735	-25507	-48452	-23522
-34659	-24245	33781	21838	-33173
-17773	91444	85264	-33535	-3964
93654	65018	-97790	45101	97415
54910	-59925	96053	72632	-87275
59493	71054	-19509	66528	38632
21272	-442	-16593	-31274	31417
83560	97563	16622	-60236	-56958
58343	31925	79339	-27079	45539
72378	-82545	-6915	54460	-23545
49327	85609	22215	-48728	-26706
21224	-96630	-67464	20834	-15686
-19999	10897	-96267	76838	56483
95201	46221	55241	92937	-73236
4936	-55792	-81610	-14509	-28191
70381	-52351	-59918	49069	-1179
-42847	-79352	-46606	-8095	-83585
68681	-39343	46244	25716	-65115
-80613	75370	-59493	-15737	-8105
38566	51764	24138	-39274	46040
-92711	35780	17523	-20842	75057
-98085	29959	-80567	51329	94958
81853	67971	76347	-99041	61914
58327	954	94158	-43185	-55961
63908	29726	40469	8223	27401
35646	-12764	96739	-46933	41708
-15331	25531	-44939	88617	70306
64062	17496	-46820	55123	16152
-33923	71732	-5216	-88790	16727
49694	-3059	-41388	-67569	-63433
72181	-85535	-55300	612	-28834
-87009	57792	79315	91284	29892
87404	3159	59800	-9862	-1903
-64067	87288	10438	73402	90710
45560	-16472	-14086	-82305	-35611
-37140	97005	63741	37607	27027
-4770	44306	25256	-6369	75984
-76967	-13741	64148	78497	10178
-4996	-48619	79897	-94966	86011
13816	-83054	86710	-48939	-22219
-37048	11941	34468	-74632	54304
-6878	-32073	-31471	-94044	92485
-74768	-68362	-48660	-71884	14551
-83464	43272	-10903	-60776	-86434
86995	-20409	-57215	92151	28237
4469	-33155	47284	-16892	23449
80795	8460	-67901	-71574	35638
24188	-27823	-54843	-84499	-7638
-13730	-4993	-65515	-10354	69376
-44781	81629	77431	32586	7124
51016	79458	84241	24017	-15326
-61418	-51790	-28351	48635	9705
-11282	46633	-30169	-41796	81491
15923	-99277	74132	-25396	51881
-55713	-42539	-28431	-82412	37440
83595	13483	-53163	-58530	-44536
70617	6693	-87498	-55303	18767
13438	90690	57646	25196	18439
46484	-12838	-47109	99130	-10016
48344	75211	40547	-47745	-21362
85419	-83525	88875	-45811	-22384
8134	14910	-19708	33185	67226
75533	-48742	23121	67823	-58413
-30263	44345	-65026	39995	-28614
-65026	-54632	22060	55125	-52075
-15145	70909	5808	80440	68740
-98096	48649	67367	-67396	34951
54360	-41082	66297	-55440	41329
-53574	64396	-96478	92567	-73793
49860	-66937	-17718	34077	76568
82374	-96158	50410	-17084	-77091
44348	-63688	5411	-60307	-89270
88907	71464	71477	3192	-28481
518	-61996	40215	94376	61070
-57794	-53014	40274	-87651	-81847
11256	-18402	84355	-41550	67662
-28102	-76209	72132	-97538	-82897
-87809	78565	17441	-93569	63816
-71445	4985	4316	-39476	-5280
32038	-84325	-28371	-78015	-46887
-87995	48321	-57763	75920	89898
-93637	75835	16546	-96769	99804
95036	57298	37438	-20098	32074
37023	-25357	40606	68422	58247
-8831	36975	-47580	40073	90950
-47352	-48611	-93862	4214	-38673
-9830	-6554	-96273	-44331	17521
84568	-6797	21901	86791	22695
-65229	35	10340	90345	41185
-3503	43751	-16828	56416	40758
-15650	26532	-82775	26770	-79130
70702	63524	50314	7443	-25026
-5358	-79729	59172	-25264	-4314
7115	-95278	2094	93939	-58969